153
5 1 2 3 4 5 
4 0 6 7 8 
5 0 8 9 10 11 
5 0 10 12 13 14 
6 0 6 9 13 15 16 
4 0 7 14 15 
5 1 4 17 18 19 
3 1 5 18 
4 1 2 19 20 
6 2 4 19 21 22 23 
5 2 3 22 24 25 
4 2 20 23 25 
4 3 24 26 27 
6 3 4 22 26 28 29 
4 3 5 27 29 
5 4 5 18 29 30 
6 4 17 21 28 30 31 
5 6 16 32 33 34 
4 6 7 15 33 
5 6 8 9 32 35 
3 8 11 35 
6 9 16 32 36 37 38 
6 9 10 13 36 39 40 
5 9 11 35 38 39 
4 10 12 40 41 
4 10 11 39 41 
5 12 13 40 42 43 
3 12 14 42 
6 13 16 36 43 44 45 
5 13 14 15 42 44 
5 15 16 33 44 46 
5 16 34 37 45 46 
5 17 19 21 47 48 
4 17 18 30 49 
4 17 31 47 49 
4 19 20 23 48 
6 21 22 28 50 51 52 
5 21 31 47 50 53 
5 21 23 48 51 53 
5 22 23 25 51 54 
5 22 24 26 52 54 
3 24 25 54 
4 26 27 29 55 
5 26 28 52 55 56 
5 28 29 30 55 57 
5 28 31 50 56 57 
4 30 31 49 57 
4 32 34 37 58 
4 32 35 38 58 
3 33 34 46 
5 36 37 45 59 60 
5 36 38 39 60 61 
5 36 40 43 59 61 
4 37 38 58 60 
4 39 40 41 61 
4 42 43 44 62 
4 43 45 59 62 
4 44 45 46 62 
3 47 48 53 
4 50 52 56 63 
4 50 51 53 63 
4 51 52 54 63 
3 55 56 57 
3 59 60 61 
3 93 95 128 
4 92 93 128 129 
2 93 94 
5 92 93 94 95 96 
4 113 116 139 141 
1 141 
2 111 113 
2 111 116 
3 79 82 121 
2 80 82 
7 79 80 81 82 83 84 85 
4 82 85 95 152 
1 82 
5 82 84 121 132 152 
2 82 83 
3 72 74 120 
6 73 74 117 118 119 120 
5 74 106 112 115 118 
7 72 73 74 75 76 77 78 
5 74 78 115 116 119 
5 74 77 112 116 137 
6 74 75 106 107 117 137 
3 121 122 152 
4 132 133 151 152 
0 
3 122 123 133 
0 
3 121 123 132 
4 65 67 107 108 
4 64 65 66 67 
2 66 67 
5 64 67 75 107 136 
2 67 136 
2 101 103 
3 101 102 144 
4 101 102 103 104 
4 101 104 127 144 
4 97 98 99 100 
2 98 99 
3 97 99 120 
4 99 100 118 120 
5 126 127 128 129 130 
7 81 85 127 130 143 144 145 
6 85 92 95 128 130 146 
3 92 129 130 
5 126 130 143 146 147 
3 130 145 147 
2 70 71 
5 81 84 124 131 145 
3 68 70 131 
3 143 145 147 
3 81 83 143 
4 68 71 83 84 
4 80 85 127 128 
4 80 81 104 127 
2 80 83 
4 79 80 103 104 
5 72 77 86 91 148 
3 86 89 137 
3 89 91 149 
1 112 
2 148 149 
3 105 109 134 
5 100 105 106 117 118 
6 64 65 105 107 117 134 
3 65 105 108 
6 105 106 107 108 109 110 
2 112 113 
4 77 87 91 141 
4 87 89 137 139 
3 126 128 146 
1 152 
4 95 96 151 152 
6 84 85 122 133 145 152 
1 152 
2 68 133 
1 151 
3 68 69 132 
0 
4 106 109 114 115 
3 98 100 106 
5 106 110 112 114 137 
3 107 109 134 
3 109 110 114 
2 121 125 
2 123 125 
0 
3 87 136 140 
8 75 77 86 87 135 136 137 138 
