256
5 84 92 132 221 247 
6 52 109 137 171 183 253 
4 3 66 152 196 
5 2 46 57 120 124 
7 8 69 108 119 129 165 214 
3 27 178 198 
7 42 64 75 87 149 218 243 
6 9 19 26 112 117 201 
7 4 64 142 180 218 231 237 
5 7 88 141 185 197 
5 17 139 174 242 244 
4 85 113 233 242 
4 48 145 172 193 
6 64 121 187 188 237 243 
6 18 118 163 170 215 219 
6 23 27 30 50 178 210 
5 66 108 119 152 154 
4 10 28 109 253 
6 14 21 30 195 209 210 
6 7 35 76 92 185 221 
5 68 99 150 161 232 
7 18 51 70 169 205 215 217 
7 41 47 52 136 137 184 206 
6 15 44 82 93 100 110 
6 55 115 123 142 220 231 
7 40 61 99 189 232 239 251 
6 7 35 81 107 140 153 
5 5 15 56 155 234 
3 17 148 174 
7 31 50 96 150 202 232 251 
5 15 18 51 56 100 
5 29 60 71 200 224 
3 141 197 199 
6 52 70 83 206 252 253 
5 90 155 170 219 228 
6 19 26 63 134 138 160 
4 116 186 225 248 
4 63 160 182 226 
5 147 172 221 240 247 
6 75 116 158 186 189 239 
6 25 95 205 208 213 217 
6 22 74 105 133 168 202 
8 6 44 70 110 136 169 177 206 
5 67 148 162 229 249 
7 23 42 67 87 162 195 210 
3 80 85 176 
5 3 86 108 129 152 
6 22 105 123 175 220 223 
5 12 94 97 138 160 
5 87 121 225 238 243 
7 15 29 51 60 110 169 234 
6 21 30 50 96 127 128 
6 1 22 33 102 133 223 
6 54 120 124 218 237 243 
5 53 144 166 184 207 
6 24 69 89 101 122 129 
4 27 30 128 209 
6 3 77 89 129 196 214 
5 72 81 145 172 240 
4 86 166 194 207 
5 31 50 178 198 254 
6 25 69 90 101 119 208 
6 105 150 151 202 220 227 
5 35 37 76 140 255 
7 6 8 13 126 165 177 250 
4 76 185 192 197 
5 2 16 116 124 189 
6 43 44 163 177 219 250 
4 20 95 159 213 
7 4 55 61 142 164 181 251 
7 21 33 42 102 127 139 195 
4 31 150 151 161 
4 58 167 204 230 
3 109 171 179 
6 41 83 93 110 206 241 
7 6 39 78 165 169 214 245 
5 19 63 65 117 157 
6 57 120 175 218 220 231 
6 75 87 103 186 210 225 
3 104 156 182 
4 45 122 179 203 
6 26 58 97 138 167 201 
4 23 178 216 254 
5 33 74 127 133 212 
4 0 135 235 246 
4 11 45 203 208 
5 46 59 120 231 237 
6 6 44 49 78 125 250 
5 9 106 135 191 201 
7 55 57 99 150 220 222 251 
6 34 61 113 158 181 239 
3 106 191 230 
5 0 19 134 157 246 
5 23 74 162 212 216 
4 48 111 132 193 
5 40 68 99 176 222 
6 29 51 159 211 213 217 
5 48 81 143 145 153 
3 105 151 168 
6 20 25 89 95 101 196 
5 23 30 127 195 212 
5 55 61 99 130 176 
7 52 70 114 136 183 211 217 
6 78 131 165 219 228 250 
4 79 107 143 153 
5 41 47 62 98 146 
4 88 91 147 240 
5 26 104 112 156 167 
6 4 16 46 124 187 237 
4 1 17 73 244 
7 23 42 50 74 127 202 254 
4 94 134 160 226 
5 7 107 141 199 236 
6 11 90 170 205 208 215 
6 102 115 220 222 223 227 
6 24 114 122 171 179 183 
5 36 39 66 154 245 
5 7 76 140 197 199 
4 14 174 233 242 
6 4 16 61 130 158 189 
5 3 53 77 86 166 
5 13 49 131 190 250 
6 55 80 115 164 176 222 
5 24 47 137 171 194 
6 3 53 66 108 214 245 
5 87 149 162 229 238 
6 64 149 180 188 229 249 
6 51 70 83 100 110 211 
5 51 56 205 213 234 
6 4 46 55 57 130 231 
5 101 119 129 152 196 
5 103 121 187 225 248 
5 0 94 134 138 173 
5 41 52 83 146 211 
5 35 92 111 132 255 
5 84 88 147 185 221 
8 22 42 102 142 202 218 220 251 
6 1 22 123 142 180 249 
6 35 48 81 132 172 221 
7 10 70 163 177 183 215 253 
5 26 63 117 156 182 
4 9 32 112 191 
7 8 24 69 136 137 177 183 
4 97 104 167 204 
5 54 149 188 238 243 
4 12 58 97 204 
4 105 133 223 227 
4 38 106 135 235 
5 28 43 163 252 253 
6 6 125 126 144 184 206 
6 20 29 62 71 89 159 
4 62 71 98 224 
4 2 16 46 130 
5 26 97 104 160 182 
5 16 116 158 187 248 
6 27 34 186 209 210 239 
4 79 107 140 199 
4 76 92 192 255 
6 39 90 119 154 165 228 
5 68 96 150 222 227 
5 35 37 48 111 153 
3 20 71 200 
6 43 44 93 125 206 252 
6 14 67 139 148 174 195 
7 69 122 183 203 208 215 217 
7 4 64 75 103 158 181 187 
4 54 59 120 175 
5 72 81 107 143 236 
4 41 98 224 241 
8 21 42 50 75 181 210 239 251 
5 14 34 113 209 233 
5 1 73 115 123 223 
5 12 38 58 138 173 
4 132 172 193 247 
4 10 28 118 163 
5 47 77 166 184 194 
5 45 95 101 122 208 
7 42 64 67 139 142 181 249 
4 5 15 60 82 
4 73 80 115 244 
6 8 126 137 184 194 207 
7 69 90 165 169 177 215 219 
4 37 79 140 153 
7 1 102 115 139 142 164 244 
6 22 54 149 175 180 218 
5 9 19 65 135 246 
5 36 39 78 155 228 
6 13 108 131 154 165 245 
5 13 126 144 190 207 
6 25 39 66 119 196 214 
4 121 188 229 238 
4 88 91 141 236 
3 65 157 246 
3 12 94 173 
5 59 123 175 180 231 
6 18 44 70 100 163 252 
5 2 57 99 130 189 
4 9 32 65 117 
4 5 60 200 234 
4 32 112 117 156 
4 31 161 198 232 
6 7 81 88 221 236 240 
7 29 41 62 110 136 211 224 
5 80 85 164 242 244 
3 72 143 145 
6 21 40 113 128 209 239 
7 22 33 42 74 149 162 249 
5 54 59 180 188 237 
6 40 61 85 113 164 176 
5 18 56 155 170 205 
7 15 18 44 78 155 169 219 
6 96 102 127 133 202 227 
4 83 93 100 252 
5 40 68 96 128 232 
7 4 57 75 124 189 218 251 
7 14 21 113 139 164 181 242 
3 82 93 241 
7 21 40 96 102 164 222 251 
7 6 8 53 77 136 184 214 
6 14 34 67 103 181 210 
7 24 47 62 77 89 114 136 
6 0 19 38 135 138 201 
6 89 95 114 122 159 217 
5 47 52 114 146 171 
5 31 151 168 202 254 
5 36 49 78 131 245 
3 37 111 255 
5 62 114 146 159 211 
5 34 103 158 186 248 
5 43 125 126 190 250 
4 72 91 236 240 
6 8 24 77 86 129 194 
6 20 25 29 200 213 234 
3 11 118 170 
6 27 50 128 198 232 239 
3 84 147 247 
5 112 167 191 201 230 
6 8 13 53 86 108 207 
4 49 125 144 190 
7 25 39 90 155 169 205 234 
5 38 58 106 201 230 
4 74 168 216 254 
5 10 11 118 203 215 
6 6 13 49 53 144 245 
5 10 109 179 183 203 
6 75 116 124 187 225 243 
4 84 92 185 192 
4 0 38 173 235 
4 36 131 154 228 
6 43 126 137 177 206 253 
6 64 67 87 103 121 229 
8 25 29 69 89 136 169 214 217 
5 33 148 162 195 212 
6 1 17 33 139 148 249 
5 60 82 110 224 241 
4 63 134 157 226 
